url_path,views_total,views_unique
/elixir-tools/elixir-tools.nvim,179,110
/elixir-tools/elixir-tools.nvim/issues,20,11
/elixir-tools/elixir-tools.nvim/tree/main/lua/elixir,7,5
/elixir-tools/elixir-tools.nvim/pulls,4,4
/elixir-tools/elixir-tools.nvim/tree/main/lua/elixir/projectionist,3,1
/elixir-tools/elixir-tools.nvim/blob/main/lua/elixir/init.lua,2,2
/elixir-tools/elixir-tools.nvim/tree/main,2,2
/elixir-tools/elixir-tools.nvim/tree/main/lua/elixir/nextls,2,2
/elixir-tools/elixir-tools.nvim/blob/main/lua/elixir/elixirls/init.lua,2,1
/elixir-tools/elixir-tools.nvim/blob/main/lua/elixir/projectionist/init.lua,2,1
